Eps 	 Mass 	 ProdRate 	 BR(ee) 	 BR(mumu) 	 Acc(ee) 	 Acc(mumu) 	 TotalAcc 	 nEventsInSHiP
0.0009 	 0.003 	 4.72905664616e-07 	 0.872996676022 	 -0.0 	 0.0 	 0.0 	 0.0 	 0.0 
0.0002 	 0.009 	 1.88812948514e-08 	 0.973046776054 	 -0.0 	 0.0 	 0.0 	 0.0 	 0.0 
3e-07 	 0.009 	 4.34075231085e-14 	 0.973046776054 	 -0.0 	 0.000102530612245 	 0.0 	 9.97670816917e-05 	 866.128380799 
9e-05 	 0.03 	 3.45459972559e-09 	 0.98459341647 	 -0.0 	 0.0 	 0.0 	 0.0 	 0.0 
1e-07 	 0.03 	 4.26494640097e-15 	 0.98459341647 	 -0.0 	 0.0 	 0.0 	 0.0 	 0.0 
3e-07 	 0.003 	 4.71491531849e-14 	 0.872996676022 	 -0.0 	 0.000180408163265 	 0.0 	 0.000157495726858 	 1485.15803032 
2e-05 	 0.08 	 1.4814025786e-10 	 0.985576366165 	 -0.0 	 0.0 	 0.0 	 0.0 	 0.0 
9e-06 	 0.2 	 2.49583775682e-11 	 0.755133764818 	 0.0 	 0.0 	 0.0 	 0.0 	 0.0 
5e-08 	 0.2 	 7.70320295313e-16 	 0.755133764818 	 0.0 	 0.0 	 0.0 	 0.0 	 0.0 
9e-07 	 0.7 	 1.78114206647e-13 	 0.200344403829 	 0.182280774683 	 0.0 	 0.0 	 0.0 	 0.0 
6e-08 	 0.7 	 7.91618696208e-16 	 0.200344403829 	 0.182280774683 	 0.00238375510204 	 0.00247420408163 	 0.000928571831516 	 147.01496452 
